rgb(102, 197, 204)
rgb(246, 207, 113)
rgb(248, 156, 116)
rgb(220, 176, 242)
rgb(135, 197, 95)
rgb(158, 185, 243)
rgb(254, 136, 177)
rgb(201, 219, 116)
rgb(139, 224, 164)
rgb(180, 151, 231)
rgb(179, 179, 179)
rgb(229, 134, 6)
rgb(93, 105, 177)
rgb(82, 188, 163)
rgb(153, 201, 69)
rgb(204, 97, 176)
rgb(36, 121, 108)
rgb(218, 165, 27)
rgb(47, 138, 196)
rgb(118, 78, 159)
rgb(237, 100, 90)
rgb(165, 170, 153)
rgb(102, 197, 204)
rgb(246, 207, 113)
rgb(248, 156, 116)
rgb(220, 176, 242)
rgb(135, 197, 95)
rgb(158, 185, 243)
rgb(254, 136, 177)
rgb(201, 219, 116)
rgb(139, 224, 164)
rgb(180, 151, 231)
rgb(179, 179, 179)
rgb(229, 134, 6)
rgb(93, 105, 177)
rgb(82, 188, 163)
rgb(153, 201, 69)
rgb(204, 97, 176)
rgb(36, 121, 108)
rgb(218, 165, 27)
rgb(47, 138, 196)
rgb(118, 78, 159)
rgb(237, 100, 90)
rgb(165, 170, 153)